SizeMatrix : 12
MatrixReshaped : 0.604276, 0.340966, 0.040940, 0.000000, 0.000000, 0.013618, 0.000000, 0.000000, 0.000000, 0.000000, 0.000000, 0.000000
MatrixReshaped : 0.007777, 0.725870, 0.169502, 0.059476, 0.018470, 0.011931, 0.004949, 0.000000, 0.000442, 0.000442, 0.000442, 0.000000
MatrixReshaped : 0.000793, 0.133356, 0.565321, 0.202810, 0.058613, 0.024150, 0.008461, 0.001587, 0.001058, 0.001851, 0.000000, 0.000000
MatrixReshaped : 0.000000, 0.022306, 0.136512, 0.565733, 0.176484, 0.062635, 0.019361, 0.007227, 0.002766, 0.002141, 0.000535, 0.000000
MatrixReshaped : 0.000000, 0.005895, 0.027510, 0.157824, 0.529188, 0.183905, 0.057253, 0.019293, 0.006431, 0.003841, 0.001072, 0.000089
MatrixReshaped : 0.000000, 0.001882, 0.009678, 0.043997, 0.185755, 0.491754, 0.161024, 0.055646, 0.015592, 0.013979, 0.003405, 0.000090
MatrixReshaped : 0.000000, 0.000996, 0.002989, 0.010778, 0.053802, 0.219283, 0.422241, 0.157692, 0.058150, 0.030343, 0.010144, 0.000181
MatrixReshaped : 0.000000, 0.000275, 0.001191, 0.006963, 0.020982, 0.073666, 0.207987, 0.395911, 0.152463, 0.059281, 0.022723, 0.000458
MatrixReshaped : 0.000000, 0.000000, 0.001022, 0.002044, 0.009382, 0.028519, 0.095032, 0.179660, 0.384318, 0.145474, 0.063726, 0.001022
MatrixReshaped : 0.000000, 0.001287, 0.004320, 0.004780, 0.015075, 0.040077, 0.055611, 0.066825, 0.123264, 0.436858, 0.108189, 0.002114
MatrixReshaped : 0.000000, 0.001193, 0.000000, 0.000642, 0.006055, 0.007890, 0.018165, 0.030825, 0.055595, 0.079814, 0.484628, 0.014495
MatrixReshaped : 0.000000, 0.000000, 0.000000, 0.005071, 0.000000, 0.000000, 0.005071, 0.005071, 0.025353, 0.015212, 0.086199, 0.146025
SameValueSmoothingFlag : 1
LargeDifferenceAdjustFlag : 1
CAdjustIfLargeThenDiagCI : 1
