PriceDate : 20230924
StartDate : 20240924
SwapMaturityDate : 20340924
AnnCpnOneYear : 4
NA : 100.000000
Vol : 0.200000
StrikePrice : 0.031200
NTerm : 12
Term : 0.002740, 0.250000, 0.500000, 1.000000, 1.500000, 2.000000, 3.000000, 4.000000, 5.000000, 10.000000, 20.000000, 30.000000
Term : 0.031520, 0.032610, 0.033500, 0.034510, 0.040000, 0.042230, 0.042500, 0.043450, 0.042890, 0.042740, 0.041400, 0.040490
DayCountFracFlag : 0
VolFlag : 0
HolidayAutoFlag : 0
HolidayNationFlag : 0
NHolidayInput : 9
HolidayInput : 20180101, 20180215, 20180216, 20180217, 20180301, 20180501, 20180507, 20180522, 20180606
