PriceDate : 20230924
StartDate : 20240924
SwapMaturityDate : 20340924
AnnCpnOneYear : 4
NA : 100.000000
Vol : 0.200000
StrikePrice : 0.025000
NTerm : 12
Term : 0.002740, 0.250000, 0.500000, 1.000000, 1.500000, 2.000000, 3.000000, 4.000000, 5.000000, 10.000000, 20.000000, 30.000000
Term : 0.031520, 0.032610, 0.033500, 0.034510, 0.040000, 0.042230, 0.042500, 0.043450, 0.042890, 0.042740, 0.041400, 0.040490
DayCountFracFlag : 0
VolFlag : 0
HolidayAutoFlag : 1
HolidayNationFlag : 0
NHolidayInput : 193
HolidayInput : 20230101, 20230121, 20230123, 20230124, 20230301, 20230501, 20230505, 20230529, 20230606, 20230815, 20230928, 20230929, 20230930, 20231003, 20231009, 20231225, 20240101, 20240209, 20240210, 20240212, 20240301, 20240410, 20240501, 20240506, 20240515, 20240606, 20240815, 20240916, 20240917, 20240918, 20241003, 20241009, 20241225, 20250101, 20250128, 20250129, 20250130, 20250303, 20250501, 20250505, 20250505, 20250606, 20250815, 20251003, 20251006, 20251007, 20251008, 20251009, 20251225, 20260101, 20260216, 20260217, 20260218, 20260302, 20260501, 20260505, 20260525, 20260606, 20260817, 20260924, 20260925, 20260926, 20261005, 20261009, 20261225, 20270101, 20270206, 20270208, 20270209, 20270301, 20270501, 20270505, 20270513, 20270606, 20270816, 20270914, 20270915, 20270916, 20271004, 20271011, 20271227, 20280101, 20280126, 20280127, 20280128, 20280301, 20280501, 20280502, 20280505, 20280606, 20280815, 20281002, 20281003, 20281003, 20281004, 20281009, 20281225, 20290101, 20290212, 20290213, 20290214, 20290301, 20290501, 20290507, 20290521, 20290606, 20290815, 20290921, 20290922, 20290924, 20291003, 20291009, 20291225, 20300101, 20300202, 20300204, 20300205, 20300301, 20300501, 20300506, 20300509, 20300606, 20300815, 20300911, 20300912, 20300913, 20301003, 20301009, 20301225, 20310101, 20310122, 20310123, 20310124, 20310303, 20310501, 20310505, 20310528, 20310606, 20310815, 20310930, 20311001, 20311002, 20311003, 20311009, 20311225, 20320101, 20320210, 20320211, 20320212, 20320301, 20320501, 20320505, 20320517, 20320606, 20320816, 20320918, 20320920, 20320921, 20321004, 20321011, 20321227, 20330101, 20330131, 20330201, 20330202, 20330301, 20330501, 20330505, 20330506, 20330606, 20330815, 20330907, 20330908, 20330909, 20331003, 20331010, 20331226, 20340101, 20340218, 20340220, 20340221, 20340301, 20340501, 20340505, 20340525, 20340606, 20340815, 20340926, 20340927, 20340928, 20341003, 20341009, 20341225
