NZero : 15
ZeroTerm : 0.252055, 0.501370, 0.747945, 1.000000, 2.002740, 3.002740, 4.002740, 5.002740, 6.005479, 7.005479, 10.008219, 15.010959, 20.013699, 25.016438, 30.021918
ZeroRate : 0.035115, 0.035124, 0.037926, 0.038730, 0.039021, 0.039204, 0.039239, 0.039116, 0.038993, 0.039023, 0.039025, 0.039081, 0.039138, 0.039223, 0.039337
NSwaption : 7
T_OptMaturity : 0.250000, 0.500000, 0.750000, 1.000000, 2.000000, 3.000000, 5.000000
Term_SwapMat : 1.000000, 2.000000, 3.000000, 4.000000, 5.000000, 7.000000, 10.000000
SwaptionVol : 0.009189, 0.009372, 0.009486, 0.009636, 0.008618, 0.007529, 0.006824
FreqMonthSwaption : 3.000000
lognormalvol0normalvol1 : 1
ResultBlackPrice : 0.001773, 0.004965, 0.008965, 0.013620, 0.020321, 0.028202, 0.041258
ResultHWPrice : 0.001773, 0.004965, 0.008965, 0.013620, 0.020321, 0.028202, 0.041258
ResultError : 0.000000, -0.000000, -0.000000, -0.000000, -0.000000, -0.000000, -0.000000
