PriceDate : 20240903
EffectiveDate : 20191220
Maturity : 20341220
NAFlag : 0
NA : 10000.000000
NAdditionalHolidays : 1, 1
AdditionalHolidays : 20240101, 20241225
NationFlag : 0, 0
NumCpnAnn : 4, 0
MaxLossRetRcvPay : 1.000000, 1.000000, 1.000000, 1.000000
MultipleRatefixPayoffRcvPay : 1.000000, 0.000000, 0.000000, 0.000000
DayCountRcvPay : 0, 3
PowerSpreadFlagRcvPay : 0, 0
RangeMaxMinRcvPay : 1.000000, -1.000000, 0.800000, -0.800000
InfoRefRateRcvPay : 4.000000, 5.000000, 10.000000, 5.000000, 4.000000, 10.000000, 10.000000, 5.000000
RcvLegFixedRate : 0.000000
RcvLegRangeCoupon : 0.035000
RcvLegStructuredFlag : 1
PayLegFixedRate : 0.000000
PayLegRangeCoupon : 0.000000
PayLegStructuredFlag : 0
Phase2UseFlag : 0
Phase2Date : 20201220
Phase2RcvLegFixedRate : 0.000000
Phase2RcvLegRangeCoupon : 0.035000
Phase2RcvLegStructuredFlag : 1
Phase2PayLegFixedRate : 0.000000
Phase2PayLegRangeCoupon : 0.000000
Phase2PayLegStructuredFlag : 0
NumCpnAnnPhase2RcvPay : 4, 0
NOption : 13
OptionDate : 20211124, 20221124, 20231124, 20241126, 20251126, 20261125, 20271124, 20281124, 20291126, 20301126, 20311126, 20321124, 20331124
OptionDate : 20211220, 20221220, 20231220, 20241220, 20251222, 20261221, 20271220, 20281220, 20291220, 20301220, 20311222, 20321220, 20331220
OptionType : 0
NRcvRateHistory : 4
RcvRateHistoryDate : 20240101, 20220727, 20220911, 20240620
RcvRateHistoryDate : 0.037000, 0.037000, 0.037000, 0.036000
NPayRateHistory : 4
PayRateHistoryDate : 20240101, 20220727, 20220911, 20240620
PayRateHistoryDate : 0.035000, 0.030000, 0.030000, 0.036000
NZeroRate : 21
ZeroTerm : 0.002740, 0.005479, 0.252055, 0.498630, 0.750685, 1.002740, 1.498630, 2.002740, 3.008219, 4.005479, 5.005479, 6.005479, 7.005479, 8.013699, 9.010959, 10.008219, 12.010959, 15.013699, 20.019178, 25.024658, 30.021918
ZeroRate : 0.035068, 0.035068, 0.034949, 0.033959, 0.032936, 0.031911, 0.030758, 0.030029, 0.029299, 0.028999, 0.028929, 0.028882, 0.028969, 0.029082, 0.029111, 0.029254, 0.029455, 0.029357, 0.028538, 0.027635, 0.025067
NZeroDiscRate : 21
ZeroDiscTerm : 0.002740, 0.005479, 0.252055, 0.498630, 0.750685, 1.002740, 1.498630, 2.002740, 3.008219, 4.005479, 5.005479, 6.005479, 7.005479, 8.013699, 9.010959, 10.008219, 12.010959, 15.013699, 20.019178, 25.024658, 30.021918
ZeroDiscRate : 0.035068, 0.035068, 0.034949, 0.033959, 0.032936, 0.031911, 0.030758, 0.030029, 0.029299, 0.028999, 0.028929, 0.028882, 0.028969, 0.029082, 0.029111, 0.029254, 0.029455, 0.029357, 0.028538, 0.027635, 0.025067
HW2FFlag : 0
NHWVol : 12
HWVolTerm : 0.002740, 0.084932, 0.249315, 0.498630, 1.000000, 2.000000, 3.000000, 4.008219, 5.000000, 7.000000, 9.227397, 39.227397
HWVol : 0.007182, 0.007182, 0.006668, 0.006625, 0.006302, 0.005670, 0.005591, 0.004940, 0.005055, 0.005168, 0.005051, 0.005051, 0.000000, 0.000000, 0.000000, 0.000000, 0.000000, 0.000000, 0.000000, 0.000000, 0.000000, 0.000000, 0.000000, 0.000000
kappa : 0.007100, 0.011919
FactorCorrelation : -0.877126
InterestRateRoundingRcvPay : 0, 4
DF_in_FDMTimeGreed : 20341219.000000, 10.298630, 10.298630, 1.000000
